-2.000000000000000000e+00 2.000000000000000111e-01
-1.555555555555555580e+00 2.924187725631768875e-01
-1.111111111111111160e+00 4.475138121546961001e-01
-6.666666666666667407e-01 6.923076923076921796e-01
-2.222222222222223209e-01 9.529411764705882915e-01
2.222222222222223209e-01 9.529411764705882915e-01
6.666666666666665186e-01 6.923076923076924016e-01
1.111111111111110716e+00 4.475138121546962666e-01
1.555555555555555358e+00 2.924187725631769430e-01
2.000000000000000000e+00 2.000000000000000111e-01
